-1	-1.30139 -3.6032 -1.46664 -2.92887 -1.43766 -2.59772 -2.66311 -2.77843 -2.47858 
-2	-2.30096 -5.70046 -2.45301 -4.96227 -2.45033 -4.63033 -4.5648 -4.7549 -4.50209 
-3	-3.32163 -4.33418 -3.46748 -4.77447 -3.42662 -4.57344 -4.40125 -4.33151 -4.02716 
-4	-1.#INF -4 -3.39748 -3.9897 -3.70858 -3.1467 -3.51749 -3.77974 -3.47886 
-5	-1.#INF -5 -2.65984 -2.65984 -2.65984 -2.3765 -2.34181 -2.86705 -2.56602 
-6	-1.#INF -6.00001 -2.08889 -2.08889 -2.08889 -1.83502 -1.74533 -1.33418 -1.03315 
-7	-1.#INF -7.00035 -0.954441 -0.954441 -0.954441 -0.621813 -0.687491 -0.716488 -0.415458 
-8	-1.#INF -7.95459 -0.150515 -0.150515 -0.150515 0.199165 0.0957198 0 0.30103 
-9	-1.#INF -1.#INF -0.150515 -0.150515 -0.150515 0.490037 -0.581478 0 0.30103 
-10	-1.#INF -1.#INF -0.150515 -0.150515 -0.150515 1.25954 1.18609 0 0.301028 
-11	-1.#INF -1.#INF -0.150515 -0.150515 -0.150515 2.22801 2.22068 0 0.301011 
-12	-1.#INF -1.#INF -0.150515 -0.150515 -0.150515 3.22473 3.224 0 0.300839 
-13	-1.#INF -1.#INF -0.150515 -0.150515 -0.150515 4.2244 4.22433 0 0.299232 
-14	-1.#INF -1.#INF -0.150515 -0.150515 -0.150515 5.22437 5.22436 0 0.281816 
-15	-1.#INF -1.#INF -0.150515 -0.150515 -0.150515 6.22436 6.22436 0 0.0575286 
-16	-1.#INF -1.#INF -0.150515 -0.150515 -0.150515 7.22436 7.22436 0 0.810595 
